% -------------------------------------------------------------------
%  Generated by MATLAB on 15-May-2024 08:36:30
%  MATLAB version: 23.2.0.2485118 (R2023b) Update 6
% -------------------------------------------------------------------
                                

diff = 1.533952E+7;

m1 = struct;
m1.MaxPossibleArrayBytes = 1.8924576768E+10;
m1.MemAvailableAllArrays = 1.8924576768E+10;
m1.MemUsedMATLAB = 8.018898944E+9;

m2 = struct;
m2.MaxPossibleArrayBytes = 1.9215388672E+10;
m2.MemAvailableAllArrays = 1.9215388672E+10;
m2.MemUsedMATLAB = 8.034238464E+9;

